1357.019417
-1811.034018
340.117277
-100.188750
1510.042914
-901.826790
256.417907
-724.185232
752.253642
-224.220625
845.819039
-1890.000000
1471.331504
-1480.590284
424.104429
-1442.814247
839.521671
-1559.669039
1778.105737
-769.152995
1767.842509
-1542.979770
185.940504
-1593.159571
736.146081
-471.741291
1702.191550
-1039.938595
846.894320
-795.896146
629.853972
-758.140662
685.591748
-1753.383212
1728.197199
-967.268774
1339.319876
-1372.633039
873.407253
-1116.314229
1620.823694
-1790.771244
1828.704276
-1842.566064
521.517646
-298.860430
1323.730398
-1181.711097
621.727657
-605.759050
301.454918
-1593.938956
569.417365
-1176.866874
930.917425
-1743.119923
1259.874497
-873.017283
211.911239
-1868.352446
799.918937
-125.000036
1089.085685
-1267.021098
829.969121
-1443.888413
941.718287
-883.282782
721.168856
-1344.737256
160.748273
-1719.949479
586.125167
401.182052
1712.926986
860.671404
726.676848
1535.788125
301.080820
1065.863883
967.164733
151.691322
1076.888046
768.969090
1745.260876
1726.604849
526.452019
841.621930
243.196758
193.032044
1598.366344
984.782337
1202.346147
498.348092
1411.190504
1485.905122
874.027099
926.036681
516.143952
1047.249939
1688.629733
716.128961
950.629417
478.452264
1769.308971
119.516904
677.719602
128.925938
1446.559916
1684.933563
990.426245
595.519423
275.683595
388.068834
1178.886083
190.055136
624.787245
1424.331011
186.115586
393.023766
632.849848
888.769270
395.026288
86.238157
1257.999318
385.722788
426.238850
283.382016
1095.417527
1463.019234
1571.722526
452.069526
1168.177884
1832.033635
1044.905736
1651.941482
1329.616241
723.473688
1735.001806
640.009780
1416.152289
923.205742
1197.578250
100.159640
169.997139
1588.408505
1442.443041
-862.118554
1403.289788
-101.665517
640.140034
-301.097344
797.423792
-687.735424
771.767050
-1748.062543
1474.759621
-1020.624444
1833.520438
-378.915888
1452.094319
-572.513136
1626.780489
-776.295645
1594.290334
-1211.547425
249.399689
-991.443662
1065.312826
-1014.568829
724.849861
-1617.375410
605.798368
-425.094589
1176.870095
-1087.497679
837.263952
-850.353134
1793.852550
-1080.146717
1329.860179
-1254.765587
1230.754381
-434.283072
462.819450
-1429.755614
417.759487
-886.154143
1271.230212
-635.459646
1774.609914
-532.264896
423.914544
-231.980993
204.987443
-325.943269
517.082285
-1741.287221
408.477369
-1549.312176
831.481301
-481.961525
1207.795938
-1811.199353
805.661132
-1358.958959
625.536867
-617.443310
418.098181
-1239.901729
1352.514990
-730.269193
277.995185
-857.252468
1148.717364
-889.077762
1075.497943
1067.159497
286.380238
1615.142363
1840.000000
691.217280
1006.244737
1397.218728
1708.845754
1286.090581
1183.666039
1600.095170
883.903463
1791.774133
1013.182637
1202.025495
711.748797
1597.876880
245.703960
748.552228
1577.154143
1125.879902
192.311558
369.522853
1193.639841
977.817640
1164.065446
349.306902
736.820072
656.086828
1166.297862
533.650970
1722.766084
1012.700864
1434.436506
1250.254818
1764.922883
499.226839
1552.374453
651.883013
1465.291128
1491.609741
1592.486525
806.213399
809.697255
1316.101349
1257.779181
1663.407465
227.824625
145.110938
1639.843341
87.736792
1039.947888
184.646809
377.456968
889.542534
1682.591482
1448.036744
930.233277
1899.791849
223.595643
200.285999
510.411652
718.185051
1310.766972
240.477083
1243.256853
146.010581
623.937006
413.009956
902.593805
868.335408
1721.731631
1603.844101
