871.036632
-1557.608776
1775.003267
-327.744104
324.934180
-831.330367
991.473716
-1031.242099
278.042578
-319.931740
1345.749849
-379.202709
1526.734416
-1618.541010
1193.228701
-1854.292522
1243.091338
-155.956845
1318.834117
-1344.367136
416.596860
-1355.164186
1462.380282
-939.563597
484.960985
-1796.193134
1732.411585
-1365.253978
817.140702
-477.056707
850.499361
-566.205802
736.066734
-215.352977
754.657268
-1003.666680
1658.573871
-1839.999049
1452.697354
-1055.488305
177.667035
-1204.155714
1486.393003
-732.417651
1594.163986
-1345.611490
1776.482188
-109.708426
1414.446136
-851.723767
387.165342
-1518.557196
1091.756307
-1104.718670
1617.826078
-961.381822
1784.881015
-1233.642715
555.865059
-1489.298357
1316.210599
-530.537767
710.458248
-1774.104847
1159.683081
-866.469631
186.269422
-1038.458708
919.598700
-228.140417
969.107657
-607.157496
667.332319
958.959809
278.284836
131.544717
701.448739
767.052142
1493.783874
1622.946083
280.367266
1434.976777
738.396576
1534.967884
1573.612654
376.116020
633.552645
1138.223205
1279.565504
1367.942023
423.899372
1639.574742
396.507529
904.801196
196.283248
986.172732
212.378263
1172.370694
1274.212556
154.941781
199.377990
1092.381053
730.900832
1909.951865
685.152655
446.798494
1790.775563
408.673255
1690.897587
561.140624
870.436496
850.369528
856.575326
142.307161
1615.022785
1049.753488
1053.896083
1472.823774
627.703867
128.794918
290.638881
687.632457
935.835348
575.832834
1161.117838
1087.496263
860.872793
1038.353574
1638.695621
1730.488580
505.097402
209.260938
1055.448725
959.772243
1434.018336
1536.792368
1044.486890
1154.209633
1196.446606
1242.906687
438.464089
1705.863328
1827.984561
895.397459
1833.576458
757.118436
1326.499827
-667.307173
890.591061
-1583.984673
1610.482893
-1632.101339
1035.683064
-1303.859879
834.057088
-384.660963
659.859118
-825.193184
217.458209
-1201.343505
329.480873
-645.413419
1732.629060
-1814.656599
904.126707
-1698.821945
1432.156234
-1810.311786
1622.704814
-1219.118831
196.400754
-1028.601438
1181.086821
-1451.087346
1702.582039
-906.414093
734.339075
-90.000000
279.545028
-546.006617
360.388152
-1295.995612
1076.928842
-233.236987
1378.078858
-1601.010012
494.363948
-1119.753362
1052.608024
-888.712405
1163.101094
-793.820406
433.233755
-259.084896
736.597583
-1146.811476
1002.087110
-1015.134801
678.246121
-999.401678
1232.741886
-1761.270805
1020.778751
-125.714935
1491.240154
-1472.560924
1480.893010
-1384.093692
159.301479
-1737.683899
201.641535
-886.155672
620.297296
-334.039892
404.473303
-444.429295
399.457658
1468.750865
1679.053240
721.285187
1781.016356
998.579129
237.229032
143.462874
1478.701083
659.295851
319.127560
1686.892994
1768.359743
632.562810
1211.748357
280.826718
313.764118
943.324980
1373.036512
1013.308429
1743.411191
432.511851
1541.044021
135.458292
818.686180
1764.436371
1614.837444
1312.750376
505.527069
493.373749
539.933976
1195.663930
958.348976
228.208226
443.437942
870.794643
1427.345105
401.414512
519.087889
412.732090
646.766246
813.554253
164.917170
1533.777551
622.139349
1116.847850
620.466537
739.094646
1599.144326
1480.344679
948.221214
1618.616645
1692.263944
492.476535
251.574792
290.844203
1787.818090
857.008498
1760.042634
100.000000
809.235127
1674.684228
498.110199
1034.086593
706.105102
110.718966
1215.665998
1560.947031
1356.203040
1168.867119
602.822145
195.403917
1483.466475
1108.747523
