201.332640
-330.358839
397.398798
-593.177468
982.033257
-380.986146
1222.408579
-806.908398
1196.936469
-101.841709
602.301656
-654.867864
1749.511700
-271.255999
901.300293
-237.192765
1308.777045
-165.720642
1010.268481
-100.002572
1385.411051
-607.312699
1310.568133
-470.318387
597.717110
-174.426518
1063.426970
-715.860966
495.021166
-778.208679
764.585568
-425.420876
1513.181313
-507.809353
197.249468
-475.043071
282.520768
-158.666891
923.566209
-826.464364
745.645087
514.970951
822.533493
887.475401
555.679507
221.251775
1426.562758
787.938944
314.647340
295.990992
1603.337496
613.437032
1526.208824
547.808884
1056.568604
294.640482
1143.977970
686.379445
1390.884431
341.375343
1749.861438
708.876265
1764.865912
240.136435
1578.509393
134.158316
1803.487436
338.928806
1635.100200
453.844656
751.038347
790.682040
396.659216
206.948726
393.328512
543.638968
196.106515
371.838304
308.372349
401.658399
