430.186691
-357.390982
921.506784
-525.951602
217.842259
-337.650868
1079.012816
-370.548284
1042.896660
-691.453143
667.761300
-113.209925
1839.110349
-702.664876
838.940529
-381.551848
1272.111348
-252.133688
311.268208
-576.721377
670.024543
-321.038994
1701.908961
-235.118344
1705.034417
-605.909794
1047.644544
-181.080922
936.491333
-91.053484
173.380091
-421.849495
991.515917
-308.509321
1755.329876
-387.969022
688.757760
-606.895688
1201.986298
-797.725215
1475.593495
-762.593246
1613.825616
-471.156583
433.532663
100.000000
1358.504359
144.774416
166.015565
891.797294
476.171087
847.983781
725.451096
760.383754
187.227793
198.129884
455.925772
361.965777
1443.709907
581.988750
1759.173244
352.531319
1687.627768
889.465059
604.633902
486.471466
1197.082825
482.963424
252.191095
728.879923
953.313203
803.289612
1047.344515
92.755616
1358.123388
775.743126
822.482035
152.426422
1581.409406
95.322190
1389.460311
335.595907
1543.234138
666.580550
709.012229
606.510457
307.478645
167.745808
1600.731208
488.504677
211.656007
-629.427992
741.181993
-188.862168
901.059143
-495.004942
1088.206128
-391.555239
1691.683410
-889.999999
742.637007
-391.205434
1838.367046
-359.118434
1832.779698
-740.776069
1133.305316
-100.000000
1585.212063
-125.741333
1376.836188
-272.225716
517.760356
-581.850486
858.768462
-801.871043
1728.653847
-498.946911
950.816472
-170.465129
1275.313450
-520.590860
324.189752
-257.289944
1502.612490
-434.243598
1451.503256
-512.881101
1740.157856
-641.632403
1251.734388
-702.269053
939.779726
-395.044702
246.663512
177.167586
1194.854396
464.355743
1604.748501
712.840125
1265.024195
809.979762
1587.406744
251.868876
1716.769433
374.842010
1047.596179
391.415642
631.956716
260.244525
428.739652
761.652956
394.367992
341.010277
516.720752
191.583844
901.970779
222.108785
213.989900
658.715802
1360.855964
220.773716
834.588485
304.050405
1287.330162
134.146379
400.662347
97.262855
1694.075778
90.677481
1445.892615
393.091750
968.870738
791.893549
1269.174592
601.282037
1512.191472
643.799345
1508.802567
813.159135
