1085.054558
-150.000000
409.161116
-280.177038
943.093837
-303.658343
623.862394
-534.364244
1260.009255
-556.535641
1702.889227
-297.437673
1811.671728
-738.530396
1155.449956
-748.820753
719.377284
-643.815747
207.336938
-436.792852
788.479051
-729.635681
995.870936
-411.943306
1188.865977
-295.717853
177.801189
-157.406949
572.161833
-299.211961
1335.182376
-838.541957
696.881716
-800.633043
561.669822
-104.949864
1518.374530
-154.327009
489.317936
-441.902082
1625.254065
584.343319
1401.108547
579.428862
483.328143
558.007301
1455.231735
207.032864
301.856372
150.826137
761.362688
195.611624
812.312388
521.990933
207.045520
453.896051
924.939815
605.828900
275.191758
794.087489
1690.875055
478.804185
1321.683399
337.145236
356.739408
538.606107
1815.452659
140.533565
1539.524435
778.789668
1138.173693
697.246635
1450.160658
103.125966
1647.395362
882.282442
790.848013
298.882238
825.802380
855.352603
