916.321988
-210.069246
220.404193
-681.214381
1670.675855
-741.246991
1815.980374
-178.115826
268.327554
-802.039325
1417.545455
-313.902851
1599.965071
-268.281079
1289.183657
-190.321329
1494.072652
-188.845678
1320.380992
-440.948764
1496.883600
-807.770993
298.234867
-504.281903
1530.465612
-574.164643
1585.514689
-102.991491
1584.315496
-187.208545
958.588071
-607.495083
1282.533642
-685.356604
1152.712900
-222.057348
1772.915417
-431.155401
601.931509
-416.829610
195.577224
-214.012306
393.092926
-425.807166
599.977566
700.038207
1066.753212
679.411054
425.927424
340.549248
766.250697
776.661538
1164.970164
140.113578
1358.877467
251.666677
412.006036
181.454147
503.508450
150.000000
834.903903
275.759038
762.445053
486.725812
1060.179828
877.989742
1217.176509
591.868230
954.751820
484.805535
837.169171
103.205108
1030.669172
265.711626
1594.735494
656.481108
956.193520
248.906711
1153.765417
413.960561
1549.659904
482.629701
330.520619
531.325437
218.455135
246.348253
1405.777807
198.976988
1629.663169
721.093316
1399.379787
-708.983121
295.272263
-795.499775
1827.663530
-785.852166
407.981500
-539.950230
750.400274
-317.658402
1397.330835
-384.781413
978.960940
-593.309242
1052.900523
-444.846155
171.016712
-814.512657
1139.767653
-586.668351
1271.519897
-250.632967
783.034090
-691.272327
591.716287
-143.679750
1431.392552
-841.709366
1815.747502
-709.495279
622.619818
-457.133032
1601.187836
-166.419309
1149.420884
-354.138012
1218.619169
-464.028064
257.542480
-433.684922
1193.195855
-167.536141
1423.870510
-501.022015
1709.126138
353.402528
515.032532
316.141048
979.522849
714.806741
910.703067
630.434824
980.626892
420.006488
522.216023
210.507585
837.158062
826.534326
631.569203
150.135167
1454.356474
510.805277
1065.070704
222.259087
822.560676
731.033901
1243.477061
399.241958
221.698697
271.738929
677.617698
342.968178
1807.217533
858.790481
1713.048379
814.312641
1597.168914
796.778198
1585.861237
316.166145
425.872597
477.364389
806.581731
225.573856
208.073618
125.847565
1702.260726
640.318337
1777.635846
588.441862
