761.066815
-1260.113417
1368.488055
-1043.237003
1688.835149
-150.000000
203.662950
-925.984135
1802.742754
-972.604888
958.420194
-934.081964
1476.762424
-1230.580927
817.213894
-236.990313
1372.923842
-1139.443999
1075.250115
-258.460727
194.368624
-396.130935
526.217980
-922.762215
1614.123973
-965.970554
259.409491
-1399.997599
534.476420
-822.181593
497.642096
-1244.706667
1272.123068
-276.904596
202.412088
-180.827378
524.030182
-1022.041775
1562.638077
-422.843052
313.814485
-102.158684
1696.830245
-559.299887
1508.118768
-808.618959
1186.160179
-1153.889950
1130.667117
-168.677327
1681.103690
-1181.338301
1282.203592
-814.994419
849.044494
-156.120452
1275.015217
-648.478285
1298.225074
-498.264604
615.355807
-552.244757
321.838130
-795.807479
334.437428
616.055116
705.967457
467.829314
613.654117
164.722013
1117.201046
332.943025
1495.175048
713.939366
408.537790
695.212146
1480.881475
252.956094
1607.406303
1128.262837
1834.848471
831.709267
423.817333
479.155372
518.801905
1194.120907
1328.360371
286.315559
443.848342
1023.802940
555.658040
222.417283
1505.221970
887.897492
401.286733
95.882370
1815.803466
1280.222160
301.767441
310.745309
866.949983
328.786852
1662.946604
957.622507
1649.094807
589.068809
258.282498
95.059752
1618.386624
159.264051
490.171799
302.811285
1086.200793
1187.164206
984.326499
245.023969
796.735205
990.097796
623.631582
744.201975
1292.220890
902.511914
979.512593
704.434604
742.241260
1217.281010
1066.880892
1067.715210
693.586683
100.003989
655.202102
-965.257608
1842.454378
-1234.533021
534.414041
-377.803712
1064.103250
-1018.427810
940.543114
-1059.063206
415.215442
-808.379434
705.433795
-1389.985266
1677.293163
-766.494682
1472.663235
-278.934377
564.536077
-808.389001
1276.937347
-169.350585
1242.868472
-1270.739080
1097.272415
-705.511700
1192.422991
-367.059653
217.667732
-935.001951
1377.883813
-692.603378
825.401354
-901.963587
931.195609
-205.080830
214.900160
-201.357876
1724.953745
-607.845907
1498.276404
-130.915342
1239.149941
-1056.627994
310.260652
-666.141265
1131.013284
-920.389490
1377.559871
-1334.419685
427.800207
-521.224618
1554.137439
-438.834168
1467.698263
-1154.738230
287.442188
-770.046820
1075.750235
-482.168747
1269.996181
-1159.245181
1043.271965
-1206.340285
1674.716955
933.013547
964.433656
580.989076
829.789852
132.655630
466.650538
554.418271
223.716184
182.288169
1064.979017
109.104489
1601.582653
714.070975
1261.264800
1340.354547
198.165933
916.903894
1142.517488
1245.518287
1061.877963
407.620005
601.913418
1311.010532
1581.498667
280.903281
1142.618484
207.048413
743.629517
1193.405186
429.906892
1095.620306
530.225075
1043.896977
1804.036151
377.622521
755.606630
461.344309
380.031939
395.128246
201.437416
778.816833
543.748766
659.263585
252.167712
233.978177
1388.022058
876.906390
268.278805
1048.007187
767.222150
673.107333
637.096292
133.410083
1551.118109
100.004362
1461.685391
488.125138
1683.058421
1052.517701
750.177036
195.965457
1512.387076
1153.313505
1136.529833
1135.240729
